z 207 423 65
z 684 442 66
z 666 287 67
z 282 110 68
z 528 201 69
z 429 424 70
z 537 106 71
z 652 177 72
z 630 76 73
l 1 0
l 2 1
l 3 2
l 4 3 652 177 72 537 106 71 652 177 72 630 76 73 630 76 73 537 106 71 p 610 125 657 122 599 107
l 5 4
l 6 5 684 442 66 666 287 67 666 287 67 207 423 65 207 423 65 282 110 68 p 699 361 460 379 268 271
l 7 6 528 201 69 429 424 70 429 424 70 684 442 66 528 201 69 282 110 68 p 454 301 532 457 381 179
l 8 7
l 9 8 207 423 65 282 110 68 282 110 68 684 442 66 684 442 66 429 424 70 429 424 70 207 423 65 p 212 258 451 308 524 465 286 455
