z 284 360 65
z 374 220 66
z 548 202 67
z 693 272 68
z 571 438 69
z 711 478 70
z 167 327 71
z 179 208 72
z 325 89 73
l 1 0 284 360 65 374 220 66 374 220 66 548 202 67 548 202 67 693 272 68 693 272 68 571 438 69 571 438 69 284 360 65 p 329 290 461 211 620 237 632 355 427 399
l 2 1 571 438 69 374 220 66 374 220 66 548 202 67 548 202 67 571 438 69 p 480 321 469 219 567 319
l 3 2
l 4 3 693 272 68 571 438 69 571 438 69 284 360 65 284 360 65 167 327 71 167 327 71 179 208 72 p 648 366 443 383 241 327 189 268
l 5 4
l 6 5
l 7 6
l 8 7 711 478 70 571 438 69 571 438 69 284 360 65 284 360 65 167 327 71 167 327 71 179 208 72 p 673 426 459 367 257 311 205 270
l 9 8
